0	1
0	2
0	469
1	0
1	6
1	385
2	0
2	3
469	0
469	380
6	1
6	5
385	1
385	384
385	386
3	2
3	4
3	419
3	422
4	3
4	5
4	98
4	420
419	3
419	420
422	3
422	183
422	423
5	4
5	6
5	98
98	4
98	5
98	470
420	4
420	419
7	8
7	9
7	79
8	7
8	33
9	7
9	10
9	84
79	7
79	78
79	119
33	8
33	32
33	34
10	9
10	11
10	84
10	110
84	9
84	10
84	83
84	85
11	10
11	12
11	110
110	10
110	11
110	111
110	112
12	11
12	13
12	95
12	108
13	12
13	14
13	94
13	95
108	12
108	109
108	113
108	123
95	12
95	13
95	96
14	13
14	15
14	16
14	77
94	13
94	77
94	93
15	14
16	14
16	17
77	14
77	17
77	94
17	16
17	18
17	77
18	17
18	19
19	18
19	20
19	23
20	19
20	21
20	22
23	19
23	24
23	25
21	20
22	20
24	23
25	23
25	26
25	27
26	25
27	25
27	28
27	29
28	27
29	27
29	30
30	29
30	31
31	30
31	32
32	31
32	33
34	33
35	36
35	50
36	35
36	37
50	35
50	49
50	185
37	36
37	38
38	37
38	39
39	38
39	40
40	39
40	41
41	40
41	42
42	41
42	43
43	42
43	44
44	43
44	45
45	44
45	46
46	45
46	47
47	46
47	48
48	47
48	49
49	48
49	50
49	184
184	49
184	185
185	50
185	184
52	53
52	54
53	52
53	54
53	223
53	225
54	52
54	53
223	53
223	224
225	53
225	224
55	56
55	57
56	55
56	76
57	55
57	58
76	56
76	74
58	57
58	59
59	58
59	60
59	61
59	62
60	59
61	59
62	59
62	63
63	62
63	64
63	339
64	63
64	65
339	63
339	338
339	341
65	64
65	66
66	65
66	67
66	68
67	66
68	66
68	69
68	70
69	68
70	68
70	71
71	70
71	72
72	71
72	73
72	74
73	72
74	72
74	75
74	76
75	74
78	79
78	80
78	455
80	78
80	81
455	78
455	105
455	454
119	79
119	116
119	118
119	342
81	80
81	82
81	104
82	81
82	83
82	113
104	81
104	105
104	107
104	124
83	82
83	84
83	112
113	82
113	108
113	109
112	83
112	110
112	111
112	114
85	84
86	87
86	88
86	128
86	315
87	86
87	97
87	134
88	86
88	89
88	128
315	86
315	146
128	86
128	88
128	129
128	452
97	87
97	96
97	123
97	134
134	87
134	97
134	135
134	316
89	88
89	90
89	91
90	89
91	89
91	92
92	91
92	93
93	92
93	94
93	133
133	93
133	132
133	139
96	95
96	97
123	97
123	108
123	124
470	98
470	410
470	471
99	100
99	101
99	136
100	99
100	103
100	137
101	99
101	102
136	99
136	137
136	421
103	100
103	102
137	100
137	136
137	421
102	101
102	103
105	104
105	106
105	455
107	104
107	106
107	124
107	135
124	104
124	107
124	123
106	105
106	107
106	135
106	151
135	106
135	107
135	134
135	316
151	106
151	150
151	152
151	454
109	108
109	111
109	113
111	109
111	110
111	112
114	112
115	116
115	117
115	120
115	169
116	115
116	119
116	122
117	115
117	118
117	169
117	454
120	115
120	121
120	170
120	171
169	115
169	117
169	152
122	116
122	121
118	117
118	119
118	453
454	117
454	151
454	453
454	455
453	118
453	454
342	119
342	338
342	340
121	120
121	122
121	171
170	120
171	120
171	121
171	172
125	126
125	127
125	176
125	355
125	383
126	125
126	127
126	176
126	354
127	125
127	126
127	353
127	443
355	125
355	381
176	125
176	126
176	153
176	155
383	125
383	381
383	384
354	126
354	153
354	353
353	127
353	354
353	356
353	358
443	127
443	442
129	128
129	130
129	154
129	444
452	128
452	145
130	129
130	131
130	132
130	154
154	129
154	130
154	153
154	356
444	129
444	359
131	130
132	130
132	133
132	138
138	132
138	139
138	155
139	133
139	138
139	387
316	134
316	135
316	150
421	136
421	137
155	138
155	153
155	176
387	139
387	386
387	388
140	141
140	142
140	391
141	140
141	142
141	388
142	140
142	141
142	389
391	140
391	389
388	141
388	387
388	392
389	142
389	390
389	391
143	144
143	146
143	177
144	143
144	145
144	178
144	186
146	143
146	145
146	315
177	143
177	178
177	187
145	144
145	146
145	452
178	144
178	177
178	186
186	144
186	178
186	187
147	148
147	149
147	166
147	167
148	147
148	152
148	168
149	147
149	150
149	317
166	147
166	162
167	147
152	148
152	151
152	169
168	148
150	149
150	151
150	316
317	149
317	303
317	318
153	154
153	155
153	176
153	354
356	154
356	353
356	357
356	359
156	157
156	158
157	156
157	175
158	156
158	159
175	157
175	173
159	158
159	160
160	159
160	161
161	160
161	162
162	161
162	163
162	166
163	162
163	164
163	165
164	163
165	163
172	171
172	173
173	172
173	174
173	175
174	173
187	177
187	186
187	314
179	180
179	181
179	425
180	179
180	183
180	379
180	434
181	179
181	182
181	426
425	179
425	424
425	426
183	180
183	182
183	380
183	422
379	180
379	380
379	435
434	180
434	435
434	460
182	181
182	183
182	423
426	181
426	424
426	425
423	182
423	422
380	183
380	379
380	469
314	187
314	312
188	189
188	190
188	369
189	188
189	191
189	357
189	358
190	188
190	191
190	193
190	351
369	188
369	367
369	368
191	189
191	190
191	441
357	189
357	356
357	360
358	189
358	353
358	440
193	190
193	192
193	195
193	461
351	190
351	350
351	371
441	191
441	440
441	442
192	193
192	194
192	201
194	192
194	195
194	203
194	375
201	192
201	202
201	352
195	193
195	194
195	462
461	193
461	435
461	462
203	194
203	202
203	373
375	194
375	374
375	460
462	195
462	461
196	197
196	198
197	196
197	200
198	196
198	199
200	197
200	199
199	198
199	200
202	201
202	203
352	201
352	350
352	373
373	203
373	205
373	352
373	372
204	205
204	206
204	213
204	372
205	204
205	209
205	373
205	374
206	204
206	207
206	433
372	204
372	213
372	373
213	204
213	211
213	212
213	372
209	205
209	208
209	344
209	374
374	205
374	209
374	375
207	206
207	208
207	432
433	206
208	207
208	209
208	344
208	432
432	207
432	208
432	260
432	343
344	208
344	209
344	343
210	211
210	212
210	235
211	210
211	213
211	350
211	371
212	210
212	213
212	227
212	230
235	210
235	236
371	211
371	351
371	370
350	211
350	351
350	352
230	212
230	229
230	260
230	261
227	212
227	226
227	234
214	215
214	216
214	309
215	214
215	216
215	312
216	214
216	215
216	308
309	214
309	310
309	311
312	215
312	313
312	314
308	216
308	307
217	218
217	222
218	217
218	219
222	217
222	221
219	218
219	220
220	219
220	221
221	220
221	222
224	223
224	225
226	227
226	228
226	251
228	226
228	229
228	255
251	226
251	234
251	273
234	227
234	233
234	251
229	228
229	230
229	255
255	228
255	229
255	254
260	230
260	259
260	432
261	230
231	232
231	233
231	289
232	231
232	236
232	245
233	231
233	234
233	273
233	276
289	231
289	276
289	288
236	232
236	235
236	250
245	232
245	244
245	246
245	247
273	233
273	251
273	274
273	275
276	233
276	277
276	278
276	289
250	236
250	243
250	247
250	248
237	238
237	239
238	237
238	239
238	241
239	237
239	238
239	240
241	238
241	240
240	239
240	241
242	243
242	244
243	242
243	248
243	250
244	242
244	245
248	243
248	247
248	249
248	250
246	245
247	245
247	248
247	250
249	248
252	253
253	252
254	255
254	256
256	254
256	257
257	256
257	258
257	272
258	257
258	259
272	257
272	271
259	258
259	260
262	263
262	264
262	549
263	262
263	278
263	288
263	550
264	262
264	265
264	267
549	262
549	548
278	263
278	276
278	279
288	263
288	289
550	263
550	525
265	264
265	266
267	264
267	268
266	265
268	267
268	269
268	290
268	297
269	268
269	270
290	268
290	291
290	327
297	268
297	296
270	269
270	271
270	301
271	270
271	272
271	301
301	270
301	271
274	273
275	273
277	276
279	278
280	281
280	282
281	280
281	285
282	280
282	283
282	286
285	281
285	284
283	282
283	284
283	286
286	282
286	283
286	287
284	283
284	285
284	287
287	284
287	286
291	290
291	292
291	327
327	290
327	291
292	291
292	293
292	480
293	292
293	294
293	480
480	292
480	293
480	479
294	293
294	295
295	294
295	296
296	295
296	297
298	299
298	300
299	298
299	300
300	298
300	299
302	303
302	304
302	305
303	302
303	317
304	302
305	302
305	306
306	305
306	307
307	306
307	308
310	309
311	309
313	312
318	317
319	320
320	319
321	322
321	323
321	326
322	321
322	324
322	325
323	321
323	324
326	321
326	325
324	322
324	323
325	322
325	326
328	329
328	330
329	328
329	330
330	328
330	329
331	332
331	333
331	386
332	331
332	333
333	331
333	332
333	404
386	331
386	385
386	387
404	333
404	405
334	335
334	337
335	334
335	336
337	334
337	336
336	335
336	337
338	339
338	340
338	342
340	338
340	341
340	342
341	339
341	340
343	344
343	432
345	346
345	347
346	345
346	349
347	345
347	348
349	346
349	348
348	347
348	349
381	355
381	382
381	383
359	356
359	360
359	361
359	444
360	357
360	359
360	362
440	358
440	441
361	359
361	362
362	360
362	361
362	363
363	362
363	364
363	370
364	363
364	365
364	366
370	363
370	366
370	371
365	364
366	364
366	367
366	370
367	366
367	368
367	369
368	367
368	369
460	375
460	434
376	377
376	378
377	376
377	378
378	376
378	377
435	379
435	434
435	461
382	381
382	392
382	393
392	382
392	388
392	393
393	382
393	392
384	383
384	385
384	468
468	384
468	442
390	389
394	395
394	396
395	394
395	399
396	394
396	397
399	395
399	398
399	457
397	396
397	398
398	397
398	399
457	399
457	456
457	459
400	401
400	403
400	592
401	400
401	402
403	400
403	402
403	450
592	400
592	591
402	401
402	403
402	445
445	402
445	446
450	403
450	449
450	451
405	404
405	410
405	411
410	405
410	411
410	470
410	472
411	405
411	410
406	407
406	408
407	406
407	409
408	406
408	409
409	407
409	408
472	410
472	471
472	473
412	413
412	414
412	683
413	412
413	418
413	755
414	412
414	415
414	682
683	412
683	677
683	699
418	413
418	417
755	413
755	756
755	758
415	414
415	416
415	682
682	414
682	415
682	681
416	415
416	417
417	416
417	418
424	425
424	426
424	427
427	424
428	429
428	430
429	428
429	431
430	428
430	431
431	429
431	430
436	437
436	439
437	436
437	438
439	436
439	438
438	437
438	439
442	441
442	443
442	468
446	445
446	447
447	446
447	448
448	447
448	449
449	448
449	450
449	591
591	449
591	592
451	450
456	457
456	458
458	456
458	459
459	457
459	458
463	464
463	467
464	463
464	465
467	463
467	466
465	464
465	466
466	465
466	467
471	470
471	472
473	472
474	475
474	479
475	474
475	476
479	474
479	478
479	480
476	475
476	477
477	476
477	478
478	477
478	479
481	482
481	507
482	481
482	483
507	481
507	506
483	482
483	484
484	483
484	485
485	484
485	486
486	485
486	487
487	486
487	488
487	489
488	487
489	487
489	490
490	489
490	491
491	490
491	492
492	491
492	493
493	492
493	494
494	493
494	495
495	494
495	496
496	495
496	497
497	496
497	498
498	497
498	499
499	498
499	500
500	499
500	501
501	500
501	502
502	501
502	503
503	502
503	504
504	503
504	505
505	504
505	506
506	505
506	507
509	510
509	511
510	509
510	513
511	509
511	512
513	510
513	512
512	511
512	513
514	515
514	516
515	514
515	516
516	514
516	515
517	518
517	519
518	517
518	520
519	517
519	520
520	518
520	519
521	522
522	521
522	523
522	548
523	522
523	524
523	525
548	522
548	549
524	523
524	526
525	523
525	526
525	550
526	524
526	525
527	528
527	529
527	532
528	527
528	531
528	534
529	527
529	530
532	527
532	533
531	528
531	530
534	528
534	535
530	529
530	531
533	532
533	535
535	533
535	534
536	537
536	541
536	542
537	536
537	538
541	536
541	540
542	536
542	543
538	537
538	539
539	538
539	540
540	539
540	541
543	542
544	545
544	546
545	544
545	547
546	544
546	547
547	545
547	546
551	552
551	553
551	559
552	551
552	555
552	556
553	551
553	554
559	551
559	558
559	560
555	552
555	554
555	556
556	552
556	555
556	557
554	553
554	555
554	557
557	554
557	556
557	561
561	557
561	568
558	559
558	560
560	558
560	559
568	561
568	573
562	563
562	566
562	567
563	562
563	564
566	562
566	565
566	567
566	569
567	562
567	566
564	563
564	565
565	564
565	566
565	569
569	565
569	566
569	579
573	568
573	577
579	569
579	578
570	571
570	572
571	570
571	589
572	570
572	574
589	571
589	578
574	572
574	580
577	573
577	575
580	574
580	587
575	576
575	577
576	575
576	588
588	576
588	590
578	579
578	589
587	580
587	590
581	582
581	583
582	581
582	586
583	581
583	584
586	582
586	585
586	944
584	583
584	585
585	584
585	586
585	944
944	585
944	586
590	587
590	588
593	596
596	593
596	594
596	595
594	595
594	596
595	594
595	596
597	598
597	599
598	597
598	599
599	597
599	598
600	601
600	603
600	663
601	600
601	602
603	600
603	602
603	664
663	600
663	665
602	601
602	603
664	603
664	665
604	605
604	606
604	676
605	604
605	608
606	604
606	607
676	604
676	675
676	695
608	605
608	607
608	675
607	606
607	608
607	673
673	607
673	672
673	674
675	608
675	672
675	676
675	692
609	610
609	614
610	609
610	611
614	609
614	613
611	610
611	612
612	611
612	613
613	612
613	614
615	616
615	617
616	615
616	624
616	661
617	615
617	618
624	616
624	623
624	662
661	616
661	662
618	617
618	619
619	618
619	620
620	619
620	621
620	836
621	620
621	622
836	620
836	768
836	834
622	621
622	623
623	622
623	624
662	624
662	661
625	626
625	648
626	625
626	627
648	625
648	639
627	626
627	628
628	627
628	629
629	628
629	630
630	629
630	631
631	630
631	632
632	631
632	633
633	632
633	634
634	633
634	635
635	634
635	636
636	635
636	637
637	636
637	638
638	637
638	639
639	638
639	640
639	648
640	639
640	641
640	647
641	640
641	642
641	644
641	646
647	640
647	646
642	641
642	643
642	644
644	641
644	642
644	645
646	641
646	645
646	647
643	642
645	644
645	646
649	650
649	651
649	654
650	649
650	651
651	649
651	650
654	649
654	652
654	653
652	653
652	654
653	652
653	654
655	656
655	657
656	655
656	660
657	655
657	658
660	656
660	659
658	657
658	659
659	658
659	660
665	663
665	664
666	667
666	668
666	800
666	853
667	666
667	669
667	828
667	829
668	666
668	669
668	743
668	744
800	666
800	744
800	745
800	798
853	666
853	852
853	860
669	667
669	668
669	742
669	763
828	667
828	826
828	838
828	842
829	667
829	763
829	830
743	668
743	742
743	744
744	668
744	743
744	745
744	800
763	669
763	713
763	829
763	847
742	669
742	713
742	743
670	671
670	674
671	670
671	672
671	690
674	670
674	673
672	671
672	673
672	675
672	692
690	671
690	691
692	672
692	675
692	691
692	694
695	676
695	693
695	738
677	678
677	683
678	677
678	679
678	701
679	678
679	680
701	678
701	700
701	752
680	679
680	681
681	680
681	682
699	683
699	700
699	748
684	685
684	686
685	684
685	689
686	684
686	687
689	685
689	688
687	686
687	688
688	687
688	689
691	690
691	692
694	692
694	693
693	694
693	695
693	739
739	693
739	720
739	738
739	740
738	695
738	737
738	739
696	697
696	698
696	712
697	696
697	698
697	711
698	696
698	697
712	696
712	707
712	708
711	697
711	706
700	699
700	701
700	753
748	699
748	747
748	754
753	700
752	701
752	751
702	703
702	704
702	705
703	702
703	709
703	715
704	702
705	702
705	706
705	713
705	741
709	703
709	708
709	710
715	703
715	716
706	705
706	707
706	711
713	705
713	714
713	742
713	763
741	705
741	740
707	706
707	708
707	712
708	707
708	709
708	712
710	709
714	713
714	717
714	844
717	714
717	716
717	843
844	714
844	843
844	870
716	715
716	717
843	717
843	844
718	719
718	721
719	718
719	720
719	740
721	718
721	720
720	719
720	721
720	739
740	719
740	739
740	741
722	723
722	724
723	722
723	726
724	722
724	725
726	723
726	725
725	724
725	726
727	728
727	729
727	793
727	794
727	795
728	727
728	746
728	795
729	727
729	730
729	731
729	929
794	727
794	792
794	929
794	954
793	727
793	792
793	795
793	797
795	727
795	728
795	793
795	796
746	728
746	745
746	796
746	801
730	729
731	729
731	732
731	953
929	729
929	732
929	794
929	954
732	731
732	733
732	734
732	929
953	731
733	732
734	732
734	735
734	963
735	734
735	736
735	737
963	734
963	897
963	964
736	735
737	735
737	738
737	904
737	909
904	737
904	901
904	906
904	908
909	737
909	892
909	908
909	956
745	744
745	746
745	765
745	766
745	800
765	745
765	764
765	766
765	799
766	745
766	764
766	765
766	802
796	746
796	764
796	795
801	746
801	802
747	748
747	749
749	747
749	750
754	748
754	761
750	749
750	751
751	750
751	752
761	754
761	760
756	755
756	757
758	755
758	759
757	756
759	758
759	760
760	759
760	761
847	763
847	846
847	848
764	765
764	766
764	796
799	765
802	766
802	801
767	768
767	769
767	833
768	767
768	771
768	784
768	836
769	767
769	770
769	782
833	767
833	834
833	835
771	768
771	770
771	772
771	784
784	768
784	770
784	771
784	791
770	769
770	771
770	781
770	784
782	769
782	783
781	770
781	779
781	785
781	826
772	771
773	774
773	775
773	876
774	773
774	783
775	773
775	776
775	837
876	773
876	874
876	875
783	774
783	782
776	775
776	777
776	839
837	775
837	838
837	872
837	875
777	776
777	778
777	779
839	776
778	777
779	777
779	780
779	781
780	779
785	781
785	786
785	832
826	781
826	827
826	828
791	784
791	790
791	819
786	785
786	787
786	871
832	785
832	831
832	871
787	786
787	788
787	789
871	786
871	832
871	845
788	787
789	787
789	790
789	849
790	789
790	791
790	820
849	789
849	845
849	848
820	790
820	821
820	848
819	791
819	825
792	793
792	794
792	862
792	955
862	792
862	797
862	861
862	960
955	792
955	954
955	960
955	965
797	793
797	798
797	857
797	862
954	794
954	929
954	955
954	962
798	797
798	800
798	859
857	797
857	858
857	859
859	798
859	857
803	804
803	805
804	803
804	818
804	900
804	903
805	803
805	806
805	913
805	985
818	804
818	817
818	899
818	901
900	804
900	901
900	902
903	804
903	902
903	987
806	805
806	807
806	810
913	805
913	810
913	912
913	914
985	805
985	986
985	987
807	806
807	808
810	806
810	811
810	913
808	807
808	809
809	808
811	810
811	812
811	912
812	811
812	813
912	811
912	913
912	917
912	918
813	812
813	814
814	813
814	815
815	814
815	816
816	815
816	817
816	890
817	816
817	818
817	889
890	816
890	889
890	891
889	817
889	890
889	891
899	818
899	898
901	818
901	900
901	904
901	905
825	819
825	824
821	820
821	822
821	869
848	820
848	847
848	849
848	869
822	821
822	823
822	868
869	821
869	848
869	868
823	822
823	824
823	868
868	822
868	823
868	869
824	823
824	825
824	867
867	824
867	870
827	826
838	828
838	837
838	841
842	828
842	840
842	854
830	829
830	831
830	846
831	830
831	832
831	845
846	830
846	847
845	831
845	849
845	871
834	833
834	836
835	833
872	837
872	841
872	873
875	837
875	876
841	838
841	840
841	861
841	872
840	841
840	842
840	850
850	840
850	851
850	858
861	841
861	858
861	862
861	877
854	842
854	855
854	856
870	844
870	867
851	850
851	852
858	850
858	857
858	860
858	861
852	851
852	853
860	853
860	858
855	854
856	854
877	861
877	873
960	862
960	955
960	971
863	864
863	866
864	863
864	865
866	863
866	865
865	864
865	866
873	872
873	874
873	877
874	873
874	876
879	880
879	882
880	879
880	881
882	879
882	881
881	880
881	882
883	884
883	885
884	883
884	888
885	883
885	886
888	884
888	887
886	885
886	887
887	886
887	888
891	889
891	890
891	898
898	891
898	899
892	893
892	894
892	909
892	998
893	892
893	897
893	961
893	998
894	892
894	895
998	892
998	893
998	997
897	893
897	896
897	963
961	893
961	962
961	994
961	999
895	894
895	896
896	895
896	897
902	900
902	903
902	907
902	959
905	901
905	906
907	902
907	908
907	956
907	958
959	902
959	957
959	958
959	978
987	903
987	985
987	988
906	904
906	905
908	904
908	907
908	909
956	907
956	909
956	997
958	907
958	957
958	959
910	911
911	910
917	912
917	916
917	925
918	912
914	913
914	915
914	984
915	914
915	916
915	926
915	927
984	914
916	915
916	917
916	926
927	915
927	926
927	928
926	915
926	916
926	927
925	917
925	924
919	920
919	921
920	919
920	928
920	983
921	919
921	922
928	920
928	927
928	983
983	920
983	928
983	978
983	982
922	921
922	923
923	922
923	924
924	923
924	925
930	931
930	932
930	934
931	930
931	933
932	930
932	933
932	940
934	930
934	935
933	931
933	932
940	932
940	939
935	934
935	936
936	935
936	937
936	949
937	936
937	938
937	950
949	936
949	950
938	937
938	939
950	937
950	949
939	938
939	940
941	942
941	943
942	941
942	943
943	941
943	942
945	946
945	947
946	945
946	948
947	945
947	948
948	946
948	947
951	952
952	951
962	954
962	961
962	967
965	955
965	966
965	970
997	956
997	998
957	958
957	959
957	979
979	957
979	975
978	959
978	977
978	983
971	960
971	969
994	961
994	967
994	996
999	961
999	996
967	962
967	966
967	994
964	963
966	965
966	967
966	995
970	965
970	968
995	966
995	996
968	969
968	970
968	973
969	968
969	971
969	972
973	968
973	972
972	969
972	973
974	975
974	976
975	974
975	979
976	974
976	977
977	976
977	978
980	981
980	982
981	980
981	988
982	980
982	983
988	981
988	987
988	989
988	990
988	993
986	985
989	988
990	988
990	991
990	992
993	988
991	990
992	990
996	994
996	995
996	999